0001846539207173264958259081436682397541437152609591648372928075163315826794760913825
0002319625748726384019485719326154968273267143895893502461978231654641850932532496187
0003400090806000008000300700009904000000000030010501002003010800000000007051205010307
0004004608200090003540500090001003080005201000403900010600700040002056200080008006000
0005050040080400809001060507023301000207500901000000204005830050074014000050005068300
0006413860297956237481087491536862973154341586972795142360138654729529718643674329815
0007000624000003000200060000070030840192500000000100793004070080060006000300000130000
000802830006030000020901000200300301X00800050900050003090020010009090100X006040005370
0009000402000710030046408070509200809005080000090900603002807060304650090017000050000
0010005000600000604000670010043406080302200473006053090480300542009904060205520000064
0011387490625241568379569327418758619034123784596496253187930176852675832940812945763
0012017000350200109008500070002070040080005608400040090010700060004100407006063000870
0013839000725050030060047000910020508030010040090060907040173000250002050300006372100
0014493060517070000060080040020008000600507080401004305700009408100800206003030050040
0015462050871030010020070682090290000016510040038086090450320108047040509080051000260
0016731050942060020010053916001009050030240708603004020016080005040700100909520401389
0017000624000003000200060000070030840192500000000100793004070080060006000300000130000
0018534678912672105438198342657819764523426850791753921846961537284287410365345286179
0019400090806000008000300700009904000000000030010501002003010800000000007051205010307
0020017000350200109008500070002070040080005608400040090010700060004100407006063000870
0021028300060300000209010002003003010008000509000500030900200100090901000006040005370
0022005000600000604000670010043406080302200473006053090480300552009904060205520000064
002306050700040002803000900000009605020000X102500002090710000000300010360008000805070
0024641298537352076984798345162023614875186537420574982613835069241419823756067451398
0025679184352042637981318920467791546230463298715285703649956471823024359176137802594